137 46
137 47
136 48
136 49
136 50
136 51
135 52
135 53
135 54
134 56
133 56
132 58
132 59
131 60
130 62
129 65
128 67
127 69
126 73
125 74
124 77
123 80
122 83
120 87
120 90
118 93
116 97
116 99
114 104
112 107
111 110
110 114
108 117
108 119
107 122
105 125
104 128
103 130
102 133
101 136
100 139
99 141
98 143
97 146
96 148
95 151
95 153
94 157
92 159
92 161
91 164
91 167
89 169
89 171
88 173
88 175
88 176
87 178
87 179
86 180
86 182
86 183
86 184
85 185
85 186
85 187
84 188
84 189
84 190
83 191
83 192
83 193
82 193
82 194
82 195
82 196
81 196
81 197
81 198
81 199
80 199
80 200
80 201
80 202
